1.0 -49.2 0.25 70.1 32.61 0.5 63.7 17.46 
1.0 -66.1 0.25 67.3 47.6 0.5 63.7 1.6 
1.0 0.79 0.25 52.87 19.9 0.5 39.6 20.0 
1.0 12.91 0.25 42.71 38.9 0.5 30.6 10.0 
1.0 -10.34 0.25 36.05 9.5 0.5 5.0 45.9 
1.0 22.49 0.25 59.5 12.16 0.5 23.4 320.0 
1.0 8.55 0.25 69.57 8.2 0.5 21.46 276.78 
1.0 26.5 0.25 -10.0 10.0 0.5 40.8 7.0 
1.0 6.31 0.25 7.61 35.6 0.5 8.79 4.0 
1.0 6.95 0.25 -9.57 45.8 0.5 8.79 47.9 
1.0 11.3 0.25 -0.3 25.85 0.5 8.79 4.0 
2.0 -27.5 0.01 42.2 5.0 10.0 38.3 282.3 
2.0 -7.89 0.01 23.27 5.0 10.0 21.1 4.02 
